,author_info
0,
1,
3,
4,
5,
6,
7,
8,
9,
10,
11,
12,
13,
14,
15,
17,
18,
19,
20,
21,
22,
23,
24,
25,
26,
27,
29,
30,
31,
32,
33,
34,
35,
36,
37,
38,
39,
40,
41,
42,
43,
44,
45,
46,
47,
48,
49,
50,
51,
52,
53,
54,
55,
56,
58,
59,
60,
62,
63,
64,
65,
66,
67,
68,
69,
80,
81,
82,
84,
85,
86,
87,
88,
89,
90,
91,
92,
94,
95,
96,
97,
98,
99,
130,
131,
132,
133,
134,
135,
136,
138,
139,
140,
141,
143,
144,
145,
146,
147,
148,
149,
150,
151,
152,
153,
154,
155,
156,
157,
158,
159,
170,
171,
172,
173,
174,
175,
176,
177,
178,
189,
190,
191,
192,
193,
194,
195,
196,
197,
208,
209,
210,
211,
212,
214,
215,
216,
227,
228,
229,
230,
231,
232,
233,
234,
235,
236,
267,
269,
270,
271,
272,
273,
274,
275,
276,
278,
280,
281,
282,
283,
284,
285,
286,
308,
310,
311,
312,
313,
314,
315,
316,
317,
318,
319,
320,
322,
323,
325,
326,
327,
328,
331,
334,
335,
336,
337,
338,
340,
371,
372,
373,
374,
375,
376,
377,
378,
379,
380,
401,
402,
403,
404,
407,
408,
409,
410,
411,
413,
414,
415,
416,
417,
418,
419,
420,
421,
422,
423,
424,
425,
427,
428,
429,
430,
431,
433,
434,
435,
436,
437,
438,
439,
440,
441,
442,
443,
444,
445,
446,
447,
448,
449,
450,
451,
452,
453,
454,
456,
457,
458,
459,
480,
481,
482,
483,
484,
485,
486,
487,
489,
490,
492,
493,
494,
495,
497,
498,
519,
520,
521,
522,
523,
524,
526,
527,
531,
532,
533,
534,
535,
537,
538,
540,
541,
542,
543,
544,
546,
548,
559,
560,
561,
563,
564,
565,
566,
567,
569,
570,
571,
572,
574,
576,
578,
589,
592,
594,
595,
596,
598,
599,
600,
602,
603,
604,
605,
607,
612,
613,
614,
615,
617,
618,
639,
640,
641,
642,
644,
645,
646,
648,
679,
680,
681,
683,
687,
688,
700,
701,
702,
703,
704,
706,
707,
708,
719,
720,
722,
724,
725,
726,
727,
728,
729,
730,
731,
732,
733,
734,
735,
736,
737,
738,
749,
750,
751,
752,
753,
754,
755,
756,
757,
758,
779,
780,
781,
782,
783,
785,
786,
787,
788,
819,
820,
821,
822,
823,
825,
826,
827,
828,
829,
830,
831,
832,
835,
848,
849,
850,
851,
852,
853,
854,
855,
856,
857,
858,
859,
860,
862,
863,
864,
866,
868,
869,
870,
871,
872,
874,
875,
876,
878,
879,
881,
882,
883,
884,
885,
886,
907,
908,
909,
912,
913,
914,
916,
929,
930,
931,
933,
934,
935,
936,
937,
939,
940,
941,
942,
943,
944,
945,
946,
947,
948,
949,
950,
951,
952,
953,
955,
976,
978,
981,
983,
984,
998,
999,
1001,
1005,
1006,
1009,
1010,
1011,
1012,
1014,
1016,
1017,
1018,
1019,
1020,
1022,
1023,
1024,
1025,
1026,
1027,
1029,
1030,
1031,
1032,
1053,
1054,
1061,
1062,
1073,
1074,
1075,
1076,
1078,
1079,
1080,
1093,
1094,
1096,
1098,
1099,
1100,
1101,
1113,
1115,
1116,
1117,
1119,
1122,
1135,
1136,
1137,
1138,
1141,
1142,
1143,
1144,
1145,
1147,
1150,
1151,
1152,
1153,
1154,
1157,
1159,
1160,
1162,
1183,
1184,
1187,
1188,
1189,
1191,
1192,
1203,
1205,
1206,
1208,
1209,
1210,
1211,
1212,
1233,
1234,
1235,
1236,
1237,
1238,
1239,
1240,
1241,
1242,
1244,
1245,
1246,
1247,
1251,
1264,
1265,
1267,
1269,
1270,
1271,
1272,
1283,
1284,
1285,
1287,
1288,
1290,
1292,
1333,
1334,
1335,
1336,
1337,
1338,
1339,
1340,
1341,
1342,
1345,
1346,
1347,
1349,
1350,
1351,
1352,
1353,
1354,
1355,
1356,
1357,
1358,
1359,
1360,
1361,
1362,
1383,
1385,
1386,
1387,
1389,
1390,
1391,
1392,
1393,
1394,
1395,
1396,
1397,
1398,
1399,
1400,
1401,
1402,
1403,
1404,
1405,
1406,
1407,
1408,
1409,
1410,
1411,
1412,
1413,
1415,
1416,
1417,
1418,
1419,
1420,
1421,
1422,
1443,
1444,
1445,
1446,
1447,
1448,
1449,
1450,
1451,
1452,
1453,
1454,
1455,
1456,
1457,
1458,
1459,
1460,
1461,
1492,
1493,
1494,
1495,
1496,
1497,
1498,
1499,
1500,
1501,
1502,
1503,
1504,
1505,
1506,
1507,
1508,
1509,
1510,
1511,
1522,
1523,
1525,
1526,
1527,
1528,
1529,
1530,
1531,
1532,
1534,
1535,
1536,
1537,
1538,
1539,
1540,
1541,
1562,
1563,
1564,
1565,
1566,
1567,
1569,
1570,
1571,
1582,
1583,
1584,
1585,
1587,
1588,
1589,
1590,
1591,
1592,
1593,
1594,
1596,
1597,
1598,
1599,
1600,
1631,
1632,
1633,
1634,
1635,
1636,
1637,
1638,
1639,
1641,
1642,
1643,
1645,
1646,
1647,
1648,
1669,
1670,
1672,
1673,
1674,
1675,
1676,
1677,
1678,
1689,
1690,
1691,
1692,
1694,
1695,
1696,
1697,
1698,
1709,
1710,
1711,
1713,
1714,
1715,
1716,
1717,
1728,
1729,
1730,
1731,
1733,
1734,
1735,
1736,
1737,
1738,
1739,
1740,
1742,
1743,
1745,
1746,
1748,
1749,
1750,
1751,
1752,
1753,
1754,
1755,
1766,
1767,
1768,
1770,
1772,
1773,
1774,
1775,
1776,
1777,
1779,
1780,
1781,
1782,
1783,
1794,
1795,
1796,
1798,
1799,
1800,
1801,
1803,
1805,
1806,
1807,
1808,
1809,
1810,
1811,
1812,
1813,
1814,
1815,
1826,
1827,
1828,
1829,
1831,
1832,
1845,
1846,
1847,
1848,
1850,
1852,
1853,
1854,
1855,
1856,
1860,
1881,
1883,
1886,
1888,
1889,
1890,
1931,
1933,
1936,
1937,
1938,
1939,
1940,
1961,
1962,
1963,
1964,
1965,
1966,
1967,
1968,
1969,
1970,
2002,
2004,
2005,
2006,
2007,
2008,
2009,
2010,
2021,
2022,
2023,
2024,
2025,
2026,
2027,
2028,
2029,
2030,
2031,
2032,
2033,
2034,
2035,
2036,
2038,
2039,
2040,
2041,
2042,
2043,
2045,
2046,
2048,
2049,
2050,
2051,
2052,
2053,
2054,
2055,
2066,
2067,
2068,
2069,
2070,
2071,
2072,
2073,
2074,
2075,
2076,
2077,
2078,
2079,
2080,
2081,
2082,
2083,
2084,
2085,
2087,
2088,
2090,
2091,
2092,
2093,
2094,
2095,
2096,
2097,
2098,
2099,
2100,
2101,
2102,
2123,
2124,
2125,
2126,
2127,
2128,
2129,
2130,
2131,
2132,
2133,
2134,
2135,
2136,
2137,
2138,
2139,
2140,
2141,
2142,
2173,
2174,
2175,
2176,
2177,
2178,
2179,
2180,
2181,
2182,
2193,
2194,
2195,
2196,
2197,
2198,
2199,
2200,
2201,
2202,
2203,
2204,
2205,
2206,
2209,
2210,
2211,
2242,
2243,
2244,
2245,
2246,
2248,
2249,
2250,
2261,
2263,
2264,
2265,
2266,
2267,
2268,
2269,
2270,
2311,
2312,
2313,
2314,
2315,
2316,
2317,
2319,
2320,
2322,
2323,
2324,
2325,
2326,
2327,
2328,
2329,
2340,
2341,
2342,
2343,
2344,
2345,
2346,
2347,
2348,
2349,
2350,
2351,
2352,
2353,
2354,
2355,
2356,
2357,
2368,
2369,
2370,
2371,
2372,
2373,
2374,
2375,
2376,
2377,
2378,
2379,
2380,
2381,
2382,
2383,
2384,
2385,
2386,
2387,
2388,
2389,
2390,
2391,
2403,
2404,
2405,
2406,
2407,
2408,
2409,
2410,
2411,
2434,
2436,
2438,
2439,
2440,
2441,
2442,
2443,
2444,
2446,
2448,
2450,
2451,
2453,
2454,
2455,
2456,
2457,
2458,
2459,
2462,
2463,
2464,
2465,
2466,
2467,
2468,
2469,
2470,
2471,
2472,
2473,
2475,
2476,
2477,
2478,
2481,
2482,
2484,
2485,
2486,
2488,
2490,
2491,
2492,
2513,
2515,
2516,
2517,
2518,
2519,
2522,
2523,
2524,
2525,
2526,
2527,
2528,
2529,
2530,
2532,
2533,
2535,
2536,
2537,
2538,
2539,
2540,
2541,
2542,
2544,
2545,
2549,
2550,
2551,
2552,
2553,
2556,
2558,
2560,
2561,
2562,
2563,
2566,
2567,
2568,
2581,
2582,
2583,
2584,
2585,
2586,
2587,
2588,
2600,
2602,
2603,
2605,
2606,
2607,
2608,
2609,
2611,
2613,
2615,
2616,
2617,
2628,
2629,
2632,
2633,
2635,
2636,
2647,
2648,
2649,
2651,
2652,
2653,
2654,
2655,
2656,
2657,
2658,
2659,
2660,
2661,
2662,
2663,
2664,
2665,
2677,
2678,
2679,
2682,
2683,
2684,
2685,
2686,
2697,
2698,
2699,
2700,
2702,
2703,
2704,
2705,
2706,
2717,
2718,
2719,
2720,
2721,
2722,
2723,
2724,
2725,
2726,
2727,
2728,
2730,
2731,
2732,
2733,
2734,
2735,
2736,
2737,
2738,
2739,
2740,
2741,
2742,
2743,
2744,
2745,
2746,
2748,
2749,
2750,
2751,
2752,
2753,
2754,
2755,
2756,
2757,
2758,
2759,
2761,
2762,
2763,
2764,
2765,
2766,
2767,
2768,
2769,
2770,
2771,
2772,
2773,
2774,
2775,
2776,
2777,
2778,
2779,
2780,
2781,
2782,
2783,
2784,
2785,
2786,
2797,
2798,
2799,
2800,
2801,
2802,
2803,
2804,
2805,
2816,
2817,
2818,
2819,
2820,
2822,
2823,
2824,
2845,
2846,
2847,
2848,
2849,
2850,
2851,
2852,
2853,
2864,
2865,
2866,
2867,
2869,
2870,
2871,
2872,
2873,
2915,
2916,
2917,
2918,
2919,
2920,
2922,
2923,
2924,
2925,
2926,
2927,
2930,
2931,
2932,
2933,
2935,
2937,
2938,
2939,
2940,
2941,
2942,
2945,
2947,
2948,
2949,
2951,
2952,
2953,
2964,
2967,
2969,
2970,
2971,
2972,
2973,
2974,
2975,
2976,
2978,
2981,
2983,
3009,
3010,
3011,
3012,
3013,
3014,
3015,
3016,
3017,
3019,
3020,
3022,
3033,
3034,
3035,
3036,
3037,
3038,
3039,
3040,
3041,
3042,
3054,
3055,
3056,
3057,
3058,
3059,
3060,
3061,
3062,
3073,
3077,
3078,
3079,
3081,
3082,
3094,
3095,
3096,
3098,
3100,
3101,
3102,
3103,
3104,
3106,
3108,
3109,
3111,
3122,
3123,
3124,
3125,
3126,
3127,
3128,
3129,
3131,
3142,
3144,
3145,
3146,
3147,
3150,
3154,
3155,
3156,
3157,
3158,
3159,
3162,
3164,
3165,
3167,
3171,
3173,
3174,
3176,
3177,
3178,
3179,
3180,
3181,
3182,
3183,
3184,
3185,
3186,
3187,
3249,
3252,
3253,
3254,
3255,
3256,
3257,
3258,
3279,
3280,
3281,
3282,
3283,
3284,
3285,
3286,
3287,
3288,
3309,
3310,
3311,
3312,
3313,
3314,
3316,
3317,
3318,
3319,
3320,
3322,
3323,
3324,
3325,
3326,
3327,
3328,
3329,
3330,
3331,
3332,
3333,
3334,
3335,
3336,
3337,
3348,
3349,
3350,
3351,
3352,
3354,
3355,
3356,
3357,
3358,
3359,
3360,
3362,
3363,
3364,
3365,
3366,
3368,
3369,
3370,
3371,
3372,
3373,
3374,
3376,
3377,
3379,
3380,
3381,
3382,
3385,
3386,
3387,
3388,
3389,
3390,
3401,
3402,
3403,
3404,
3405,
3406,
3408,
3409,
3410,
3411,
3412,
3413,
3414,
3415,
3416,
3417,
3418,
3419,
3420,
3421,
3423,
3425,
3426,
3427,
3428,
3429,
3430,
3431,
3432,
3433,
3434,
3465,
3466,
3467,
3468,
3469,
3470,
3471,
3472,
3473,
3474,
3475,
3477,
3478,
3479,
3480,
3481,
3482,
3483,
3495,
3496,
3497,
3498,
3499,
3500,
3501,
3502,
3503,
3505,
3506,
3507,
3508,
3509,
3510,
3511,
3512,
3513,
3514,
3525,
3526,
3527,
3528,
3529,
3530,
3531,
3532,
3533,
3534,
3535,
3536,
3537,
3538,
3539,
3540,
3541,
3542,
3543,
3544,
3545,
3546,
3547,
3548,
3549,
3550,
3551,
3552,
3553,
3586,
3587,
3588,
3589,
3591,
3592,
3633,
3636,
3637,
3639,
3640,
3641,
3652,
3654,
3655,
3656,
3657,
3658,
3659,
3660,
3661,
3662,
3663,
3664,
3665,
3666,
3667,
3668,
3669,
3670,
3671,
3682,
3683,
3684,
3686,
3687,
3688,
3689,
3691,
3693,
3694,
3696,
3698,
3699,
3700,
3701,
3712,
3714,
3715,
3716,
3717,
3718,
3719,
3720,
3721,
3722,
3724,
3725,
3726,
3727,
3728,
3730,
3731,
3732,
3733,
3734,
3735,
3736,
3737,
3738,
3740,
3761,
3762,
3763,
3764,
3765,
3766,
3767,
3768,
3769,
3770,
3781,
3783,
3784,
3785,
3786,
3787,
3788,
3789,
3820,
3821,
3822,
3823,
3824,
3825,
3826,
3827,
3828,
3829,
3830,
3831,
3832,
3833,
3834,
3835,
3836,
3838,
3839,
3841,
3842,
3843,
3844,
3845,
3846,
3868,
3869,
3870,
3871,
3872,
3873,
3874,
3875,
3876,
3877,
3879,
3880,
3881,
3882,
3913,
3914,
3915,
3916,
3917,
3918,
3919,
3920,
3921,
3963,
3964,
3965,
3966,
3967,
3968,
3969,
3970,
3971,
3973,
3974,
3975,
3976,
3977,
3998,
3999,
4000,
4001,
4002,
4003,
4004,
4005,
4006,
4007,
4008,
4009,
4010,
4011,
4012,
4013,
4014,
4015,
4016,
4037,
4038,
4039,
4040,
4063,
4064,
4065,
4067,
4068,
4069,
4070,
4101,
4102,
4103,
4104,
4105,
4106,
4107,
4108,
4109,
4120,
4121,
4122,
4123,
4124,
4125,
4126,
4127,
4128,
4129,
4130,
4131,
4132,
4134,
4135,
4136,
4137,
4138,
4139,
4140,
4141,
4142,
4143,
4144,
4145,
4146,
4147,
4149,
4150,
4152,
4153,
4154,
4156,
4157,
4158,
4159,
4160,
4161,
4162,
4163,
4164,
4165,
4166,
4167,
4168,
4169,
4170,
4171,
4172,
4173,
4174,
4175,
4176,
4227,
4228,
4229,
4230,
4231,
4242,
4244,
4245,
4246,
4247,
4248,
4249,
4250,
4251,
4254,
4255,
4256,
4258,
4259,
4260,
4261,
4262,
4263,
4264,
4265,
4266,
4267,
4268,
4269,
4270,
4272,
4273,
4274,
4275,
4277,
4278,
4279,
4280,
4321,
4322,
4323,
4324,
4325,
4326,
4327,
4328,
4329,
4340,
4341,
4342,
4343,
4344,
4345,
4346,
4347,
4348,
4349,
4350,
4351,
4354,
4355,
4356,
4357,
4358,
4359,
4360,
4361,
4362,
4363,
4364,
4365,
4366,
4367,
4368,
4379,
4380,
4382,
4383,
4384,
4385,
4386,
4427,
4428,
4429,
4430,
4431,
4432,
4434,
4445,
4446,
4449,
4450,
4451,
4452,
4453,
4454,
4455,
4456,
4457,
4458,
4459,
4460,
4461,
4462,
4463,
4465,
4466,
4467,
4468,
4469,
4470,
4511,
4512,
4513,
4515,
4516,
4517,
4518,
4519,
4520,
4521,
4522,
4523,
4524,
4525,
4526,
4527,
4528,
4529,
4530,
4541,
4542,
4543,
4544,
4545,
4546,
4547,
4549,
4550,
4551,
4552,
4554,
4556,
4557,
4558,
4559,
4560,
4571,
4572,
4573,
4574,
4576,
4577,
4579,
4580,
4591,
4592,
4593,
4594,
4596,
4597,
4598,
4599,
4601,
4603,
4604,
4605,
4606,
4607,
4608,
4609,
4620,
4621,
4622,
4623,
4624,
4626,
4627,
4628,
4659,
4660,
4661,
4662,
4663,
4664,
4665,
4667,
4668,
4699,
4700,
4701,
4703,
4704,
4708,
4729,
4730,
4731,
4732,
4733,
4739,
4740,
4741,
4742,
4743,
4744,
4745,
4747,
4749,
4750,
4751,
4752,
4753,
4754,
4756,
4758,
4769,
4770,
4771,
4772,
4775,
4776,
4777,
4778,
4779,
4780,
4782,
4783,
4784,
4785,
4786,
4787,
4788,
4800,
4801,
4803,
4804,
4806,
4807,
4808,
4809,
4811,
4813,
4814,
4817,
4818,
4822,
4828,
4830,
4831,
4832,
4833,
4836,
4837,
4860,
4862,
4863,
4868,
4869,
4870,
4871,
4872,
4873,
4874,
4875,
4876,
4877,
4878,
4889,
4890,
4891,
4892,
4893,
4894,
4895,
4896,
4897,
4898,
4909,
4910,
4912,
4913,
4914,
4915,
4916,
4917,
4919,
4921,
4923,
4924,
4925,
4926,
4927,
4929,
4930,
4931,
4932,
4933,
4935,
4936,
4937,
4938,
4944,
4946,
4950,
4951,
4952,
4953,
4957,
4958,
4959,
4960,
4961,
4963,
4964,
4966,
4967,
4968,
4971,
4973,
4976,
4977,
4999,
5000,
5001,
5002,
5003,
5005,
5006,
5007,
5009,
5013,
5015,
5017,
5018,
5020,
5021,
5022,
5024,
5025,
5026,
5027,
5028,
5029,
5031,
5032,
5033,
5035,
5037,
5041,
5042,
5044,
5045,
5046,
5047,
5048,
5049,
5050,
5051,
5052,
5053,
5054,
5057,
5058,
5060,
5065,
5066,
5070,
5073,
5074,
5075,
5076,
5077,
5078,
5079,
5082,
5083,
5084,
5085,
5086,
5091,
5092,
5094,
5095,
5096,
5103,
5105,
5106,
5147,
5148,
5151,
5152,
5153,
5154,
5156,
5157,
5158,
5159,
5160,
5161,
5162,
5164,
5187,
5188,
5189,
5190,
5191,
5192,
5193,
5194,
5195,
5196,
5198,
5199,
5200,
5203,
5204,
5205,
5206,
5208,
5209,
5211,
5214,
5246,
5247,
5248,
5249,
5250,
5251,
5252,
5253,
5254,
5255,
5306,
5307,
5309,
5310,
5311,
5312,
5313,
5314,
5316,
5317,
5319,
5320,
5321,
5322,
5323,
5324,
5325,
5326,
5327,
5328,
5329,
5330,
5331,
5332,
5333,
5334,
5335,
5338,
5339,
5340,
5341,
5342,
5343,
5344,
5346,
5347,
5348,
5350,
5351,
5352,
5353,
5354,
5365,
5366,
5367,
5368,
5369,
5370,
5371,
5372,
5373,
5374,
5375,
5376,
5379,
5380,
5381,
5382,
5383,
5384,
5386,
5387,
5388,
5389,
5390,
5391,
5392,
5393,
5394,
5395,
5398,
5399,
5400,
5401,
5403,
5404,
5405,
5407,
5408,
5409,
5410,
5451,
5452,
5453,
5454,
5455,
5456,
5457,
5458,
5459,
5470,
5471,
5472,
5473,
5474,
5475,
5476,
5477,
5478,
5479,
5480,
5481,
5482,
5483,
5484,
5485,
5486,
5487,
5488,
5489,
5510,
5511,
5512,
5513,
5514,
5515,
5516,
5517,
5518,
5519,
5540,
5541,
5543,
5545,
5546,
5547,
5549,
5550,
5551,
5552,
5553,
5554,
5555,
5556,
5557,
5558,
5559,
5581,
5582,
5585,
5586,
5587,
5588,
5589,
5590,
5591,
5592,
5593,
5594,
5600,
5601,
5602,
5603,
5604,
5605,
5606,
5607,
5608,
5609,
5630,
5631,
5632,
5633,
5634,
5635,
5636,
5637,
5638,
5639,
5640,
5641,
5642,
5643,
5644,
5645,
5646,
5647,
5648,
5649,
5650,
5652,
5654,
5655,
5656,
5657,
5658,
5659,
5660,
5661,
5662,
5663,
5664,
5665,
5666,
5667,
5668,
5669,
5720,
5721,
5722,
5723,
5725,
5726,
5727,
5728,
5729,
5760,
5761,
5762,
5763,
5764,
5765,
5766,
5767,
5779,
5780,
5782,
5784,
5785,
5786,
5787,
5788,
5799,
5801,
5802,
5803,
5805,
5806,
5807,
5808,
5809,
5810,
5811,
5812,
5813,
5814,
5815,
5816,
5817,
5818,
5819,
5820,
5821,
5822,
5823,
5824,
5825,
5826,
5827,
5828,
5829,
5830,
5831,
5833,
5834,
5835,
5836,
5837,
5839,
5840,
5841,
5842,
5843,
5844,
5846,
5847,
5848,
5849,
5850,
5851,
5852,
5853,
5854,
5855,
5856,
5857,
5858,
5859,
5860,
5861,
5862,
5863,
5864,
5875,
5876,
5877,
5878,
5879,
5880,
5881,
5883,
5884,
5915,
5916,
5917,
5918,
5919,
5920,
5921,
5922,
5923,
5924,
5925,
5926,
5927,
5928,
5929,
5930,
5931,
5932,
5933,
5934,
5946,
5947,
5948,
5949,
5950,
5951,
5952,
5953,
5954,
5955,
5956,
5957,
5958,
5959,
5960,
5961,
5962,
5963,
5964,
5965,
5966,
5968,
5969,
5970,
5971,
5972,
5973,
5974,
5975,
5976,
5977,
5978,
6039,
6040,
6041,
6043,
6044,
6045,
6046,
6047,
6048,
6079,
6080,
6081,
6082,
6085,
6086,
6089,
6090,
6092,
6093,
6096,
6097,
6098,
6099,
6100,
6101,
6102,
6105,
6106,
6107,
6108,
6109,
6110,
6113,
6114,
6115,
6116,
6118,
6129,
6130,
6131,
6132,
6133,
6135,
6137,
6150,
6151,
6152,
6153,
6155,
6156,
6157,
6158,
6159,
6160,
6162,
6163,
6164,
6197,
6198,
6199,
6200,
6202,
6203,
6204,
6205,
6206,
6217,
6219,
6220,
6221,
6222,
6223,
6224,
6226,
6227,
6229,
6230,
6231,
6232,
6233,
6234,
6255,
6256,
6257,
6258,
6259,
6260,
6261,
6263,
6264,
6275,
6276,
6277,
6278,
6279,
6280,
6281,
6282,
6283,
6284,
6285,
6286,
6287,
6289,
6290,
6291,
6292,
6293,
6294,
6295,
6296,
6297,
6298,
6299,
6301,
6302,
6303,
6304,
6305,
6306,
6307,
6308,
6309,
6310,
6311,
6312,
6313,
6314,
6325,
6326,
6327,
6328,
6329,
6330,
6331,
6332,
6333,
6334,
6345,
6346,
6348,
6349,
6350,
6351,
6352,
6353,
6354,
6355,
6356,
6357,
6358,
6359,
6360,
6361,
6362,
6363,
6364,
6365,
6366,
6367,
6368,
6369,
6370,
6371,
6372,
6373,
6374,
6375,
6376,
6378,
6379,
6380,
6381,
6382,
6383,
6384,
6386,
6387,
6388,
6389,
6390,
6391,
6392,
6393,
6394,
6395,
6396,
6397,
6399,
6400,
6401,
6402,
6403,
6414,
6415,
6416,
6417,
6418,
6419,
6420,
6421,
6422,
6423,
6434,
6435,
6436,
6437,
6438,
6439,
6440,
6441,
6442,
6443,
6484,
6485,
6486,
6487,
6488,
6489,
6490,
6491,
6492,
6493,
6504,
6505,
6506,
6508,
6509,
6510,
6511,
6512,
6585,
6586,
6587,
6591,
6592,
6623,
6624,
6625,
6626,
6627,
6630,
6632,
6633,
6634,
6635,
6636,
6637,
6638,
6639,
6640,
6641,
6642,
6643,
6645,
6646,
6647,
6648,
6650,
6651,
6652,
6653,
6655,
6656,
6657,
6658,
6659,
6660,
6663,
6664,
6665,
6666,
6667,
6668,
6670,
6672,
6683,
6684,
6685,
6686,
6687,
6688,
6691,
6692,
6703,
6704,
6705,
6706,
6707,
6708,
6709,
6710,
6711,
6712,
6743,
6744,
6745,
6746,
6747,
6748,
6749,
6750,
6752,
6753,
6754,
6756,
6759,
6761,
6773,
6776,
6779,
6780,
6781,
6783,
6785,
6787,
6788,
6791,
6792,
6793,
6796,
6797,
6799,
6822,
6823,
6825,
6826,
6827,
6828,
6829,
6831,
6863,
6865,
6866,
6867,
6868,
6869,
6871,
6872,
6877,
6879,
6880,
6891,
6892,
6893,
6894,
6895,
6896,
6898,
6899,
6940,
6941,
6942,
6943,
6946,
6947,
6948,
6971,
6973,
6976,
6977,
6978,
6979,
6980,
6981,
6983,
6985,
6986,
6988,
6989,
6990,
6992,
6993,
6994,
6995,
6996,
6998,
6999,
7000,
7003,
7004,
7005,
7007,
7008,
7009,
7012,
7014,
7016,
7017,
7018,
7019,
7040,
7041,
7042,
7043,
7044,
7045,
7049,
7050,
7051,
7052,
7053,
7054,
7057,
7058,
7059,
7060,
7061,
7063,
7064,
7066,
7068,
7069,
7071,
7072,
7073,
7074,
7075,
7076,
7077,
7129,
7130,
7134,
7135,
7136,
7137,
7138,
7141,
7144,
7145,
7146,
7158,
7159,
7162,
7163,
7164,
7167,
7178,
7179,
7181,
7182,
7183,
7184,
7186,
7187,
7190,
7192,
7193,
7195,
7198,
7200,
7201,
7202,
7203,
7204,
7206,
7207,
7208,
7209,
7211,
7212,
7213,
7214,
7216,
7217,
7228,
7229,
7230,
7231,
7232,
7234,
7235,
7236,
7237,
7238,
7239,
7240,
7241,
7242,
7243,
7244,
7255,
7256,
7257,
7258,
7259,
7260,
7261,
7262,
7263,
7274,
7275,
7277,
7278,
7279,
7281,
7282,
7283,
7294,
7295,
7296,
7297,
7298,
7299,
7300,
7301,
7302,
7303,
7314,
7315,
7316,
7317,
7318,
7319,
7320,
7321,
7322,
7333,
7334,
7335,
7336,
7337,
7338,
7340,
7341,
7352,
7353,
7354,
7355,
7356,
7357,
7358,
7359,
7360,
7361,
7362,
7363,
7364,
7365,
7366,
7367,
7368,
7369,
7370,
7371,
7372,
7373,
7374,
7375,
7376,
7377,
7378,
7379,
7380,
7401,
7402,
7403,
7404,
7405,
7406,
7407,
7408,
7410,
7421,
7422,
7423,
7424,
7425,
7426,
7427,
7429,
7430,
7451,
7452,
7453,
7457,
7458,
7469,
7470,
7471,
7472,
7473,
7474,
7475,
7508,
7509,
7510,
7511,
7512,
7513,
7514,
7515,
7516,
7517,
7540,
7541,
7542,
7543,
7545,
7546,
7547,
7558,
7559,
7560,
7561,
7562,
7563,
7564,
7565,
7588,
7589,
7590,
7591,
7592,
7593,
7594,
7595,
7596,
7597,
7668,
7669,
7671,
7672,
7673,
7674,
7675,
7676,
7677,
7688,
7689,
7690,
7691,
7692,
7693,
7694,
7695,
7696,
7708,
7709,
7710,
7711,
7712,
7713,
7714,
7715,
7717,
7718,
7719,
7721,
7722,
7723,
7724,
7725,
7727,
7738,
7740,
7741,
7742,
7743,
7744,
7745,
7746,
7747,
7758,
7759,
7760,
7761,
7762,
7763,
7765,
7766,
7788,
7789,
7790,
7791,
7792,
7793,
7795,
7796,
7797,
7808,
7809,
7810,
7811,
7812,
7814,
7815,
7816,
7817,
7818,
7819,
7820,
7821,
7823,
7824,
7825,
7826,
7827,
7848,
7849,
7850,
7852,
7854,
7909,
7910,
7912,
7915,
7916,
7917,
7929,
7930,
7931,
7932,
7933,
7934,
7935,
7936,
7937,
7939,
7940,
7941,
7942,
7956,
7957,
7958,
7960,
7963,
7964,
7966,
7968,
7971,
7973,
7975,
7976,
7977,
7978,
7979,
7980,
7982,
7983,
7984,
7985,
7987,
7989,
7991,
7993,
7994,
7996,
7997,
7998,
7999,
8000,
8003,
8025,
8026,
8028,
8029,
8030,
8032,
8034,
8045,
8046,
8047,
8048,
8049,
8050,
8051,
8052,
8053,
8054,
8075,
8076,
8077,
8078,
8079,
8080,
8082,
8083,
8085,
8086,
8087,
8088,
8089,
8090,
8091,
8092,
8093,
8094,
8095,
8097,
8098,
8099,
8100,
8102,
8103,
8105,
8106,
8107,
8108,
8109,
8110,
8111,
8112,
8113,
8114,
8115,
8116,
8118,
8119,
8120,
8121,
8122,
8123,
8124,
8155,
8157,
8159,
8163,
8165,
8166,
8167,
8168,
8169,
8172,
8173,
8174,
8215,
8216,
8217,
8218,
8219,
8220,
8221,
8222,
8223,
8224,
8225,
8227,
8230,
8231,
8232,
8234,
8237,
8238,
8239,
8240,
8241,
8242,
8243,
8244,
8265,
8266,
8267,
8268,
8269,
8270,
8271,
8272,
8274,
8286,
8287,
8288,
8289,
8290,
8291,
8292,
8293,
8295,
8296,
8297,
8298,
8299,
8300,
8301,
8302,
8303,
8304,
8375,
8376,
8378,
8379,
8380,
8381,
8382,
8383,
8384,
8386,
8387,
8389,
8390,
8391,
8392,
8393,
8394,
8395,
8396,
8397,
8399,
8400,
8401,
8402,
8403,
8404,
8455,
8456,
8458,
8459,
8460,
8462,
8463,
8464,
8475,
8476,
8477,
8478,
8479,
8480,
8481,
8482,
8483,
8484,
8515,
8516,
8519,
8520,
8521,
8522,
8524,
8525,
8526,
8527,
8528,
8529,
8530,
8531,
8532,
8533,
8534,
8535,
8536,
8537,
8538,
8539,
8540,
8541,
8542,
8543,
8544,
8545,
8546,
8548,
8549,
8550,
8551,
8552,
8553,
8554,
8555,
8556,
8557,
8558,
8561,
8562,
8564,
8565,
8566,
8567,
8568,
8569,
8570,
8571,
8572,
8583,
8584,
8585,
8586,
8588,
8589,
8590,
8591,
8592,
8593,
8594,
8595,
8596,
8597,
8598,
8599,
8600,
8601,
8602,
8613,
8614,
8616,
8617,
8618,
8619,
8620,
8621,
8622,
8643,
8644,
8645,
8646,
8647,
8648,
8649,
8650,
8661,
8662,
8663,
8664,
8665,
8666,
8667,
8668,
8669,
8670,
8681,
8682,
8683,
8684,
8685,
8686,
8687,
8688,
8689,
8690,
8691,
8692,
8693,
8694,
8695,
8696,
8697,
8698,
8699,
8700,
8701,
8702,
8703,
8704,
8705,
8706,
8717,
8718,
8719,
8720,
8721,
8723,
8724,
8725,
8726,
8727,
8728,
8729,
8730,
8731,
8732,
8733,
8734,
8735,
8737,
8738,
8739,
8741,
8742,
8743,
8744,
8746,
8747,
8748,
8749,
8750,
8751,
8752,
8753,
8784,
8785,
8786,
8787,
8788,
8789,
8790,
8821,
8822,
8823,
8824,
8825,
8826,
8827,
8828,
8830,
8832,
8833,
8834,
8835,
8836,
8867,
8868,
8869,
8871,
8872,
8873,
8875,
8876,
8887,
8888,
8889,
8890,
8891,
8892,
8893,
8894,
8895,
8896,
8897,
8898,
8899,
8900,
8901,
8902,
8903,
8904,
8905,
8906,
8917,
8918,
8919,
8920,
8921,
8922,
8923,
8924,
8925,
8926,
8927,
8929,
8930,
8932,
8933,
8934,
8935,
8936,
8937,
8938,
8939,
8940,
8941,
8942,
8943,
8944,
8945,
8946,
8977,
8978,
8979,
8980,
8981,
8982,
8983,
8984,
8985,
8986,
8987,
8989,
8990,
8991,
8993,
8995,
8996,
8997,
8998,
8999,
9000,
9001,
9002,
9003,
9004,
9005,
9006,
9007,
9008,
9009,
9010,
9011,
9012,
9013,
9014,
9015,
9026,
9027,
9028,
9029,
9030,
9031,
9032,
9033,
9034,
9035,
9036,
9037,
9038,
9039,
9040,
9041,
9042,
9043,
9044,
9045,
9046,
9047,
9049,
9050,
9051,
9052,
9053,
9054,
9055,
9056,
9057,
9058,
9059,
9060,
9061,
9062,
9063,
9064,
9065,
9066,
9067,
9068,
9069,
9070,
9071,
9072,
9074,
9076,
9077,
9078,
9079,
9080,
9081,
9082,
9083,
9084,
9085,
9086,
9087,
9088,
9089,
9090,
9091,
9092,
9093,
9094,
9095,
9096,
9097,
9098,
9099,
9100,
9141,
9142,
9143,
9144,
9145,
9146,
9147,
9148,
9149,
9150,
9182,
9183,
9185,
9186,
9187,
9188,
9189,
9190,
9201,
9202,
9203,
9205,
9206,
9207,
9208,
9209,
9211,
9212,
9213,
9214,
9215,
9216,
9217,
9218,
9219,
9220,
9221,
9222,
9223,
9224,
9226,
9227,
9228,
9229,
9230,
9231,
9232,
9233,
9234,
9235,
9236,
9237,
9248,
9249,
9250,
9251,
9252,
9254,
9255,
9257,
9258,
9259,
9263,
9264,
9265,
9278,
9279,
9280,
9281,
9282,
9283,
9284,
9285,
9286,
9287,
9288,
9289,
9290,
9291,
9292,
9293,
9294,
9295,
9296,
9297,
9298,
9299,
9300,
9305,
9306,
9307,
9318,
9319,
9320,
9322,
9324,
9341,
9342,
9343,
9344,
9346,
9348,
9350,
9353,
9354,
9355,
9367,
9369,
9370,
9372,
9373,
9379,
9380,
9383,
9384,
9385,
9386,
9387,
9388,
9393,
9394,
9395,
9397,
9398,
9399,
9400,
9401,
9403,
9404,
9405,
9406,
9407,
9408,
9409,
9410,
9411,
9412,
9413,
9414,
9435,
9436,
9437,
9438,
9439,
9440,
9441,
9442,
9443,
9444,
9445,
9446,
9447,
9448,
9449,
9450,
9451,
9452,
9473,
9476,
9478,
9479,
9480,
9481,
9482,
9513,
9514,
9515,
9516,
9520,
9521,
9522,
9523,
9524,
9527,
9528,
9531,
9533,
9534,
9536,
9537,
9539,
9540,
9553,
9554,
9555,
9556,
9557,
9558,
9561,
9562,
9563,
9566,
9567,
9568,
9593,
9595,
9596,
9597,
9598,
9599,
9600,
9601,
9602,
9604,
9605,
9606,
9607,
9608,
9609,
9610,
9611,
9614,
9615,
9616,
9617,
9618,
9620,
9622,
9623,
9624,
9626,
9627,
9628,
9630,
9635,
9636,
9637,
9638,
9639,
9640,
9642,
9673,
9675,
9676,
9677,
9678,
9680,
9681,
9682,
9709,
9712,
9723,
9724,
9725,
9726,
9727,
9732,
9734,
9735,
9737,
9738,
9740,
9742,
9744,
9745,
9746,
9747,
9748,
9749,
9750,
9751,
9752,
9763,
9764,
9765,
9766,
9767,
9768,
9769,
9770,
9771,
9773,
9774,
9775,
9776,
9777,
9778,
9779,
9780,
9781,
9782,
9803,
9804,
9805,
9806,
9807,
9809,
9810,
9811,
9812,
9813,
9814,
9815,
9816,
9817,
9818,
9819,
9820,
9821,
9823,
9824,
9825,
9827,
9828,
9829,
9830,
9831,
9832,
9833,
9834,
9835,
9836,
9837,
9879,
9880,
9881,
9882,
9883,
9884,
9885,
9886,
